104
104
104
104
104
104
104
104
104
104
154
154
154
154
154
154
154
154
154
154
154
155
155
155
155
155
155
155
155
155
155
155
158
158
158
158
158
158
158
158
179
179
179
179
179
179
179
180
180
180
180
180
180
180
180
180
180
181
181
181
181
181
181
181
181
181
182
182
182
182
182
182
182
182
184
184
184
184
184
184
184
184
194
194
194
194
194
194
194
194
195
195
195
195
195
195
195
197
197
197
197
197
197
197
197
197
197
197
197
198
198
198
198
199
199
199
199
199
199
199
199
200
200
200
200
200
200
200
201
201
201
201
201
202
202
202
202
202
202
202
202
206
206
206
206
206
206
206
206
257
257
257
257
257
257
257
257
258
258
258
258
258
258
261
261
261
261
261
261
261
261
261
261
262
262
262
262
262
262
262
262
262
262
262
