4.339999999999999858e+01 1.080000000000000071e+01 2.060000000000000142e+01 3.360000000000000142e+01 6.207999999999999075e-01 8.005999999999999783e-01 7.763999999999999790e-01 7.099999999999999645e-01 6.638201533440072355e-01 6.727999999999999536e-01 4.421322658923272364e-01 7.108417508417508301e-01
3.660000000000000142e+01 1.760000000000000142e+01 2.239999999999999858e+01 3.180000000000000071e+01 5.866000000000000103e-01 6.755999999999999783e-01 6.418000000000001481e-01 6.308000000000000274e-01 5.877547710970147943e-01 6.115999999999999215e-01 2.633017733160673002e-01 6.309764309764309687e-01
4.220000000000000284e+01 1.200000000000000000e+01 1.980000000000000071e+01 3.439999999999999858e+01 6.351999999999999869e-01 7.786000000000000698e-01 7.417999999999999039e-01 7.068000000000000949e-01 6.544081816093999526e-01 6.835999999999999854e-01 4.179433472322737764e-01 7.066666666666665542e-01
4.679999999999999716e+01 7.400000000000000355e+00 2.260000000000000142e+01 3.160000000000000142e+01 5.833999999999999186e-01 8.635999999999999233e-01 8.151999999999999247e-01 7.234000000000000430e-01 6.837257439696349248e-01 6.784000000000000030e-01 4.674062507547528389e-01 7.232996632996633313e-01
4.039999999999999858e+01 1.380000000000000071e+01 1.900000000000000000e+01 3.520000000000000284e+01 6.500000000000001332e-01 7.451999999999999735e-01 7.278000000000000025e-01 6.975999999999999979e-01 6.447127854433813976e-01 6.795999999999999819e-01 4.041764145880068493e-01 6.976430976430976205e-01
3.139999999999999858e+01 2.280000000000000071e+01 1.540000000000000036e+01 3.879999999999999716e+01 7.163999999999999257e-01 5.796000000000000041e-01 6.433999999999999719e-01 6.475999999999999535e-01 5.978537835047852411e-01 6.687999999999999501e-01 3.083567675087176552e-01 6.479797979797979890e-01
4.260000000000000142e+01 1.159999999999999964e+01 2.080000000000000071e+01 3.339999999999999858e+01 6.161999999999999700e-01 7.856000000000000760e-01 7.443999999999999506e-01 7.009999999999999565e-01 6.505134399191619954e-01 6.720000000000000417e-01 4.098083264565374750e-01 7.009427609427608674e-01
4.500000000000000000e+01 9.199999999999999289e+00 2.239999999999999858e+01 3.180000000000000071e+01 5.867999999999999883e-01 8.305999999999998940e-01 7.782000000000000028e-01 7.086000000000000076e-01 6.630395322568017891e-01 6.650000000000000355e-01 4.324983490494996863e-01 7.085858585858586522e-01
3.800000000000000000e+01 1.619999999999999929e+01 1.939999999999999858e+01 3.479999999999999716e+01 6.418000000000000371e-01 7.007999999999998675e-01 6.847999999999999643e-01 6.715999999999999748e-01 6.181940239980504570e-01 6.566000000000000725e-01 3.481349080089960468e-01 6.712794612794613647e-01
3.700000000000000000e+01 1.719999999999999929e+01 2.660000000000000142e+01 2.760000000000000142e+01 5.094000000000000750e-01 6.835999999999999854e-01 6.957999999999999741e-01 5.960000000000000853e-01 5.695496220021480926e-01 5.311999999999998945e-01 2.334046087831653238e-01 5.963973063973064814e-01
4.220000000000000284e+01 1.200000000000000000e+01 1.980000000000000071e+01 3.439999999999999858e+01 6.350000000000000089e-01 7.785999999999999588e-01 7.424000000000000599e-01 7.067999999999999838e-01 6.538891792450564067e-01 6.801999999999999158e-01 4.214121064410753514e-01 7.068350168350168161e-01
4.279999999999999716e+01 1.140000000000000036e+01 1.719999999999999929e+01 3.700000000000000000e+01 6.824000000000000066e-01 7.897999999999999465e-01 7.710000000000000187e-01 7.359999999999999876e-01 6.851541302011899814e-01 7.215999999999999082e-01 4.779030815483473194e-01 7.360269360269360295e-01
3.300000000000000000e+01 2.119999999999999929e+01 1.500000000000000000e+01 3.920000000000000284e+01 7.226000000000000201e-01 6.100000000000000977e-01 6.788000000000000700e-01 6.664000000000001034e-01 6.208194537205173891e-01 6.852000000000000313e-01 3.491332042330108076e-01 6.662626262626261120e-01
3.560000000000000142e+01 1.860000000000000142e+01 2.000000000000000000e+01 3.420000000000000284e+01 6.308000000000000274e-01 6.563999999999999835e-01 6.877999999999999670e-01 6.438000000000000389e-01 6.038829532684973911e-01 6.310000000000000053e-01 3.119682008547973173e-01 6.437037037037037779e-01
4.439999999999999858e+01 9.800000000000000711e+00 2.019999999999999929e+01 3.400000000000000000e+01 6.270000000000000018e-01 8.192000000000000393e-01 7.800000000000000266e-01 7.232000000000000650e-01 6.750052134837376538e-01 6.906000000000001027e-01 4.580961510263550918e-01 7.228956228956229246e-01
4.439999999999999858e+01 9.800000000000000711e+00 2.260000000000000142e+01 3.160000000000000142e+01 5.834000000000000297e-01 8.192000000000000393e-01 7.708000000000000407e-01 7.009999999999999565e-01 6.570528528533052803e-01 6.605999999999999650e-01 4.179229337938172861e-01 7.013131313131313327e-01
3.879999999999999716e+01 1.540000000000000036e+01 1.639999999999999858e+01 3.779999999999999716e+01 6.971999999999999309e-01 7.157999999999999918e-01 7.119999999999999662e-01 7.066000000000000059e-01 6.476252581257259111e-01 7.032000000000000473e-01 4.144049567335889028e-01 7.064983164983165143e-01
3.239999999999999858e+01 2.180000000000000071e+01 1.880000000000000071e+01 3.539999999999999858e+01 6.532000000000000028e-01 5.979999999999999760e-01 6.209999999999999964e-01 6.253999999999999559e-01 5.792586577111517032e-01 6.353999999999999648e-01 2.527230029222179986e-01 6.255892255892255838e-01
4.339999999999999858e+01 1.080000000000000071e+01 1.880000000000000071e+01 3.539999999999999858e+01 6.532000000000000028e-01 8.012000000000000233e-01 7.745999999999999552e-01 7.272000000000000686e-01 6.769047070310261205e-01 7.027999999999999803e-01 4.655401272163594006e-01 7.272727272727272929e-01
4.639999999999999858e+01 7.799999999999999822e+00 2.239999999999999858e+01 3.180000000000000071e+01 5.864000000000000323e-01 8.558000000000000052e-01 8.071999999999999176e-01 7.212000000000000632e-01 6.785891130436517704e-01 6.745999999999998664e-01 4.627713709616651516e-01 7.211784511784511409e-01
3.439999999999999858e+01 1.980000000000000071e+01 1.519999999999999929e+01 3.900000000000000000e+01 7.199999999999999734e-01 6.348000000000000309e-01 6.648000000000000576e-01 6.772000000000000242e-01 6.191466413988179207e-01 6.891999999999999238e-01 3.591799452117018787e-01 6.773400673400672423e-01
3.200000000000000000e+01 2.219999999999999929e+01 2.000000000000000000e+01 3.420000000000000284e+01 6.311999999999999833e-01 5.899999999999999689e-01 5.131999999999999895e-01 6.102000000000000757e-01 5.758733168589886819e-01 5.467999999999999527e-01 2.601664258987196332e-01 6.105723905723905442e-01
4.239999999999999858e+01 1.180000000000000071e+01 2.060000000000000142e+01 3.360000000000000142e+01 6.199999999999999956e-01 7.823999999999999844e-01 7.408000000000000140e-01 7.009999999999999565e-01 6.494055689884363769e-01 6.725999999999999757e-01 4.095106462372541389e-01 7.011447811447811818e-01
4.500000000000000000e+01 9.199999999999999289e+00 1.819999999999999929e+01 3.600000000000000000e+01 6.643999999999999906e-01 8.301999999999999380e-01 8.067999999999999616e-01 7.474000000000000643e-01 7.027935816903219113e-01 7.246000000000000218e-01 5.065049340048485282e-01 7.471717171717171535e-01
3.779999999999999716e+01 1.639999999999999858e+01 1.619999999999999929e+01 3.800000000000000000e+01 7.006000000000000005e-01 6.975999999999998868e-01 7.043999999999999151e-01 6.992000000000000437e-01 6.396523333640621312e-01 6.892000000000000348e-01 4.111056563137512887e-01 6.991245791245791485e-01
3.460000000000000142e+01 1.960000000000000142e+01 1.680000000000000071e+01 3.739999999999999858e+01 6.902000000000000357e-01 6.386000000000000565e-01 6.583999999999999853e-01 6.643999999999999906e-01 6.090309659246152529e-01 6.705999999999999739e-01 3.331084004943295485e-01 6.644444444444445041e-01
4.420000000000000284e+01 1.000000000000000000e+01 1.980000000000000071e+01 3.439999999999999858e+01 6.353999999999999648e-01 8.155999999999998806e-01 7.710000000000000187e-01 7.254000000000000448e-01 6.767751340968150009e-01 6.952000000000000401e-01 4.579555730760331289e-01 7.254208754208754106e-01
4.439999999999999858e+01 9.800000000000000711e+00 2.000000000000000000e+01 3.420000000000000284e+01 6.310000000000000053e-01 8.188000000000000833e-01 7.832000000000000073e-01 7.249999999999999778e-01 6.767418083364071801e-01 6.948000000000000842e-01 4.618878365565847188e-01 7.249158249158249578e-01
3.739999999999999858e+01 1.680000000000000071e+01 1.600000000000000000e+01 3.820000000000000284e+01 7.043999999999999151e-01 6.900000000000000577e-01 7.174000000000000377e-01 6.971999999999999309e-01 6.450464370346414844e-01 6.932000000000000384e-01 4.088338202142244304e-01 6.972053872053871615e-01
4.300000000000000000e+01 1.119999999999999929e+01 2.739999999999999858e+01 2.680000000000000071e+01 4.945999999999999841e-01 7.942000000000000171e-01 7.264000000000000457e-01 6.438000000000000389e-01 6.063674361019544268e-01 5.749999999999999556e-01 3.142252204567146379e-01 6.445454545454545325e-01
4.239999999999999858e+01 1.180000000000000071e+01 1.919999999999999929e+01 3.500000000000000000e+01 6.458000000000000407e-01 7.825999999999999623e-01 7.502000000000000890e-01 7.139999999999999680e-01 6.607246216748174916e-01 6.912000000000000366e-01 4.349394560256536479e-01 7.142424242424242342e-01
4.339999999999999858e+01 1.080000000000000071e+01 1.900000000000000000e+01 3.520000000000000284e+01 6.496000000000000663e-01 8.007999999999999563e-01 7.641999999999999904e-01 7.252000000000000668e-01 6.738256400807072222e-01 7.012000000000000455e-01 4.561628511500458449e-01 7.251851851851852659e-01
4.060000000000000142e+01 1.359999999999999964e+01 2.239999999999999858e+01 3.180000000000000071e+01 5.871999999999999442e-01 7.500000000000000000e-01 7.165999999999999037e-01 6.677999999999999492e-01 6.212708977432138679e-01 6.229999999999999982e-01 3.599742479991626110e-01 6.687205387205386042e-01
3.160000000000000142e+01 2.260000000000000142e+01 1.719999999999999929e+01 3.700000000000000000e+01 6.830000000000000515e-01 5.827999999999999847e-01 6.378000000000000336e-01 6.325999999999999401e-01 5.898537813796995710e-01 6.519999999999999130e-01 2.721082018103682110e-01 6.328619528619529033e-01
4.279999999999999716e+01 1.140000000000000036e+01 1.960000000000000142e+01 3.460000000000000142e+01 6.383999999999999675e-01 7.897999999999999465e-01 7.545999999999999375e-01 7.137999999999999901e-01 6.619131804126894281e-01 6.897999999999999687e-01 4.348771687599840563e-01 7.141077441077440247e-01
4.720000000000000284e+01 7.000000000000000000e+00 2.200000000000000000e+01 3.220000000000000284e+01 5.947999999999999954e-01 8.705999999999999295e-01 8.211999999999999300e-01 7.326000000000000290e-01 6.939934337489988003e-01 6.864000000000000101e-01 4.852164216145366527e-01 7.327946127946127763e-01
4.039999999999999858e+01 1.380000000000000071e+01 1.800000000000000000e+01 3.620000000000000284e+01 6.679999999999999272e-01 7.454000000000000625e-01 7.299999999999999822e-01 7.070000000000000728e-01 6.546505526830420640e-01 6.957999999999999741e-01 4.171172224629126069e-01 7.065656565656566190e-01
3.779999999999999716e+01 1.639999999999999858e+01 2.580000000000000071e+01 2.839999999999999858e+01 5.228000000000000425e-01 6.992000000000000437e-01 7.528000000000000247e-01 6.108000000000000096e-01 5.844039018229499893e-01 5.265999999999999570e-01 2.767994708689484051e-01 6.110774410774411081e-01
4.260000000000000142e+01 1.159999999999999964e+01 2.119999999999999929e+01 3.300000000000000000e+01 6.085999999999999188e-01 7.859999999999999210e-01 7.419999999999999929e-01 6.974000000000000199e-01 6.465469556002355622e-01 6.672000000000000153e-01 4.025083695338464440e-01 6.972727272727271552e-01
4.820000000000000284e+01 6.000000000000000000e+00 2.360000000000000142e+01 3.060000000000000142e+01 5.650000000000000577e-01 8.890000000000000124e-01 8.440000000000000835e-01 7.269999999999999796e-01 6.915656433896544275e-01 6.670000000000000373e-01 4.864539714499892531e-01 7.269696969696968214e-01
